3.519450 2.454916 27.002136
14.990942 -0.722577 21.302992
0.790509 0.710141 17.304625
-1.857232 1.927474 11.215112
12.465574 1.050542 17.560059
11.259218 2.057926 27.798944
8.594326 1.210602 29.001310
2.848269 -5.526061 46.801041
-1.519616 3.018678 11.227385
-1.500254 -3.537833 11.339092
10.365098 2.779831 18.543367
18.901052 -4.630099 26.182095
12.338982 -1.846269 18.158047
4.986487 -4.421433 26.166101
5.384892 1.721371 26.959637
4.274717 -3.981642 10.637188
4.372716 -3.981494 7.202691
10.325520 -4.790365 18.478828
10.588871 1.351319 19.046370
12.641726 3.212654 16.809530
-1.658568 -3.691163 5.613061
-0.277456 -3.209285 11.682963
11.198430 -3.214002 17.739098
-0.099043 2.982106 11.579073
-0.065127 -4.373921 11.422489
11.630396 3.143197 17.188843
12.280663 3.576149 27.272430
15.959610 -4.193933 43.280739
12.693253 2.096787 17.082756
-6.149269 3.020687 17.146048
-1.326225 -4.120625 9.369928
-4.166633 2.832942 16.084402
7.513721 4.436278 21.423174
-6.880865 3.304482 14.628578
8.013446 3.898579 29.763647
38.281815 3.550305 39.983963
-3.891645 3.169395 12.417706
-1.297845 -3.996343 6.238769
-7.759851 3.231663 9.971188
-1.464826 2.993734 7.711195
9.000040 3.518242 15.760559
-0.487796 0.834495 11.642609
-1.067716 -4.150074 7.233586
-2.532773 3.162920 9.442540
9.939068 -5.461516 29.362223
-2.631164 3.229412 11.646970
5.134193 -5.103199 21.493137
2.628582 3.082100 16.074774
2.965059 -4.620471 11.963602
4.670944 -3.967078 9.201599
1.451599 2.990579 8.273460
-8.436272 3.331311 15.207618
2.854746 -4.636827 18.495670
-2.995472 3.088976 8.350223
-1.598645 3.131377 4.859165
12.789401 -3.478420 13.318326
-6.658866 3.306907 9.640677
0.774264 3.129162 8.234689
-1.519808 -2.396595 11.477374
-5.435199 3.183830 10.358870
-8.188763 3.405740 12.689705
2.009737 -5.272929 27.568836
10.805969 -5.219235 25.006832
1.464030 3.110282 6.726894
8.181605 3.234721 9.540764
-1.295434 3.173794 5.652417
-4.994021 3.224586 11.119047
8.766595 3.594807 17.582644
6.347452 3.191756 9.961356
8.508975 3.310564 13.164134
7.555421 3.123723 9.772982
-0.439748 2.992092 9.226833
-0.804417 3.057411 4.843595
1.117996 3.035973 4.875551
-4.174003 3.070657 5.489337
-3.956105 3.138729 8.409136
-0.771729 3.195474 8.291452
0.845721 3.118990 6.504612
-1.897184 2.893480 6.838169
7.102282 3.153262 7.893981
3.728612 -4.502867 7.055238
2.819105 3.043998 9.421405
2.074157 3.059152 7.979735
1.767108 -4.389377 10.623953
-0.099279 3.059642 6.679224
-5.028308 3.181253 8.172443
5.000846 -4.645082 16.222027
-3.010542 3.077510 6.836014
0.925390 -4.441934 12.210999
9.019880 -5.261377 18.897829
1.677825 3.348596 19.721878
10.625829 -4.854360 12.434822
-0.345838 3.115239 4.991231
10.115915 -3.188203 19.587477
-13.259082 3.185514 16.714462
6.887541 -4.752645 17.948259
-5.122284 3.066906 7.447371
2.291141 3.042244 6.653547
0.069354 3.037529 5.657080
-3.872034 2.978206 7.130894
0.078694 3.174938 8.194257
2.783124 2.988645 7.678020
-4.198820 2.991614 5.946183
1.953501 -4.406225 13.735800
7.676638 5.166201 15.591911
0.106608 3.049418 5.034420
1.127114 -4.729249 16.874216
2.295768 -4.393149 9.615338
-0.390143 3.026557 5.627514
4.688230 3.194830 6.116394
2.385227 -4.493623 7.974650
1.780459 3.097464 11.309938
14.239320 3.155214 16.543192
0.786520 3.281107 11.236118
3.258825 -4.455750 9.462129
-0.962198 -4.189826 11.033308
-2.416101 3.163402 6.906539
-2.939340 3.068971 5.351972
-1.185128 1.279668 11.273105
3.898841 -4.483663 8.068436
4.914875 3.053009 6.924054
-2.796595 3.102190 5.829774
-9.433446 2.958587 13.311131
3.228002 3.082335 7.032412
2.109111 3.056627 5.633818
-0.453918 -4.203388 7.949951
11.190458 -5.014615 14.531066
6.612793 3.261675 7.043911
8.580107 -5.015922 10.640867
8.073915 -4.927293 15.015836
7.078217 -4.723104 11.160500
-1.628923 2.967600 5.804407
2.391164 -4.473303 7.130603
3.484814 3.051689 5.630870
6.261985 3.161356 8.133127
-2.353508 3.178885 5.342003
1.083796 -4.170033 7.623664
9.803474 3.789043 27.248293
4.190661 3.261132 16.110891
9.271838 -5.013167 14.346054
0.366798 -4.290162 7.115276
5.991846 3.577711 14.368884
0.512075 -4.304420 9.370397
28.918463 -5.022552 30.304697
3.329084 -4.423585 8.412817
25.336014 3.375601 29.124187
6.554958 -4.700373 9.733868
-0.563872 -4.117011 6.694349
2.784282 3.170042 6.066143
0.307660 -4.168674 7.781996
-3.786260 3.076422 6.091752
5.650302 3.030446 6.880441
-0.483059 -4.296040 9.472149
-0.375311 2.144163 11.485830
1.490078 3.094769 5.736822
-3.558375 3.139723 5.016852
1.639779 3.071678 5.076249
12.209236 -5.710753 12.753914
0.469088 3.029251 5.358479
4.873592 3.227324 5.829302
3.988282 -4.122310 9.168869
11.114035 -3.972903 11.911873
3.001586 -4.372169 13.598341
4.553276 -3.719922 7.935193
8.758426 -4.974525 9.604058
1.678219 -4.347023 7.504836
-4.486577 -6.473799 12.610996
6.448100 -4.713621 7.737484
-1.072108 3.121427 6.592130
-2.359163 3.088725 5.835982
-1.719850 2.887318 4.996264
10.254883 3.223401 11.956059
10.884716 -3.564721 14.651750
2.183905 3.009755 5.093775
6.635093 3.500605 11.939283
2.409596 2.975282 10.347763
11.647843 -4.650608 17.853273
-3.688616 3.094281 5.482338
5.812666 3.012743 8.333381
0.941408 3.087193 5.569139
0.710669 3.103619 5.009873
4.049984 3.232455 9.929078
-0.095568 -4.172375 6.442862
11.182876 1.781558 17.376080
3.164981 3.127260 5.824539
0.423727 3.098630 6.983405
-9.409553 2.731061 15.220477
3.628518 -4.481145 11.119170
9.128765 -5.087836 12.754601
-1.190977 3.084993 4.872263
7.117496 4.395673 11.330204
-7.203246 2.666345 16.365377
-0.750578 3.057456 5.407507
